option_a,option_b,option_c,option_d,option_e,actual,likelihood
0.18842259469339218,0.31739249065750585,0.1411689904022241,0.2824120527342895,0.07060387151258851,b,0.31739249065750585
0.1355182943531296,0.21273876758895932,0.10485596621706739,0.19015330412037468,0.35673366772046905,a,0.1355182943531296
0.18781882218802728,0.3162246675981106,0.1407700982405682,0.2813954437108625,0.07379096826243134,e,0.07379096826243134
0.1883481661444829,0.31724869148513085,0.14111994953029516,0.2822870398911495,0.07099615294894161,b,0.31724869148513085
0.17767780515758894,0.2933040026451071,0.13137392610010054,0.2580265634525224,0.13961770264468107,b,0.2933040026451071
0.05000106966474032,0.05000135209929094,0.05000012199299446,0.05000043625330384,0.7999970199896704,d,0.05000043625330384
0.18577949906283986,0.3122855332649035,0.13942714627730085,0.2779718870179373,0.0845359343770186,b,0.3122855332649035
0.291951885501289,0.32027589565014314,0.048591986937743394,0.08098098487956452,0.25819924703125996,d,0.08098098487956452
0.05008388860544099,0.05014389940422845,0.05004047901310386,0.05010636729988741,0.7996253656773393,a,0.05008388860544099
0.15290372571163258,0.23509791635823812,0.11196601646537868,0.20917769579164527,0.29085464567310537,d,0.20917769579164527
0.188490050049558,0.31726835217994004,0.1411057981418455,0.28227339223170184,0.0708624073969546,a,0.188490050049558
0.21843558177305183,0.32169775721391697,0.11715993024765231,0.2306206726479895,0.11208605811738952,b,0.32169775721391697
0.18841216623705817,0.31737216677560887,0.14116197685606377,0.28239420467886817,0.07065948545240101,e,0.07065948545240101
0.5313436951386573,0.11828437219143957,0.0026315239703591678,0.005199450218452855,0.34254095848109095,e,0.34254095848109095
0.050468137107556904,0.05006752771416387,0.04995300972023348,0.04995429081550154,0.7995570346425442,a,0.050468137107556904
0.18821366149971194,0.31684615352513396,0.1409149578215124,0.2817894969609971,0.07223573019264452,b,0.31684615352513396
0.17038718191727728,0.2800471593171915,0.12819683179937652,0.2495712400056193,0.17179758696053543,b,0.2800471593171915
0.21914219844692723,0.29957881915486595,0.12876816335097946,0.2576013564879394,0.09490946255928803,b,0.29957881915486595
0.18302294165696326,0.30536939263056784,0.13690836846924812,0.2716978996828404,0.1030013975603803,a,0.18302294165696326
0.18820037611124554,0.31692947914247155,0.1409951054177527,0.28197469641468526,0.07190034291384491,e,0.07190034291384491
0.5376960868629542,0.11459956211032549,6.670929638594586E-5,6.778256463623289E-5,0.3475698591656981,a,0.5376960868629542
0.1884072400799902,0.3173628263163609,0.14115887481089984,0.2823862661775434,0.0706847926152055,d,0.2823862661775434
0.5162650172509489,0.12726096349263133,0.008816895737672699,0.017608181984003345,0.3300489415347438,b,0.12726096349263133
0.18822270090606139,0.3170005807581378,0.14103262621869733,0.2820654395963708,0.07167865252073276,c,0.14103262621869733
0.18831383847723623,0.31718238006573,0.14109734419793607,0.2822294125184425,0.07117702474065533,a,0.18831383847723623
0.18822505620705998,0.31685293306572704,0.1409201367727374,0.28180312774073685,0.07219874621373877,d,0.28180312774073685
0.18842418294403496,0.3173921904231697,0.14116861222440943,0.2824113855257705,0.07060362888261555,e,0.07060362888261555
0.18806523191015537,0.3167021695941376,0.14093362182536925,0.2818120405538046,0.07248693611653301,e,0.07248693611653301
0.18810943778268382,0.31678755102771106,0.14096272762995263,0.281886240393162,0.07225404316649045,c,0.14096272762995263
0.5375875805721239,0.11458368554773202,7.718295271309346E-5,7.740338935868234E-5,0.34767414753807235,b,0.11458368554773202
0.19587479097259755,0.266643109624847,0.11851594586973219,0.23040878618656585,0.1885573673462573,b,0.266643109624847
0.05073538540798389,0.05009773687160491,0.04992478691582457,0.049924896800982284,0.7993171940036043,b,0.05009773687160491
0.3249647643327814,0.08642060629819766,0.02184707469149924,0.02184719594234078,0.544920358735181,e,0.544920358735181
0.05003245136189055,0.05005330212067401,0.050013719011085755,0.05003661909022297,0.7998639084161268,b,0.05005330212067401
0.18861431853611266,0.31749877602520743,0.1410798957481049,0.2822312410689485,0.07057576862162654,e,0.07057576862162654
0.050004423493158985,0.05000650132502006,0.05000124660745077,0.050003536338180075,0.7999842922361902,b,0.05000650132502006
0.05011761351206128,0.050031970353476514,0.049994817716464586,0.0500040165228137,0.799851581895184,b,0.050031970353476514
0.18769315718671092,0.3159623445918372,0.14067136597098656,0.2811471842552612,0.07452594799520407,d,0.2811471842552612
0.1884228979517647,0.31739307726594607,0.14116919078983917,0.28241256343087007,0.07060227056158015,d,0.28241256343087007
0.18843973857962484,0.31738226744730513,0.14116194697545964,0.2823979190269342,0.0706181279706762,a,0.18843973857962484
0.1882156013675331,0.31540929466678547,0.14035870338070622,0.2804869684581463,0.075529432126829,b,0.31540929466678547
0.38248899188229935,0.09404030117975103,0.015957441686394392,0.015957752795669022,0.491555512455886,e,0.491555512455886
0.18842665158886582,0.3173878796750515,0.1411662804881044,0.282406267889927,0.0706129203580512,b,0.3173878796750515
0.18841784753848073,0.3173800393594357,0.14116318758668156,0.28239783542319474,0.07064109009220712,c,0.14116318758668156
0.1459216822975357,0.2352783439402416,0.11316474908112813,0.21102496311688548,0.29461026156420905,d,0.21102496311688548
0.0768567135749954,0.10165861018557232,0.06750852072578242,0.09467222095299742,0.6593039345606525,a,0.0768567135749954
0.18829458515292946,0.31714521375229504,0.14108468020622558,0.2821971253257057,0.07127839556284417,b,0.31714521375229504
0.1049002698672953,0.1492868560596236,0.08064146602333644,0.12929903556247752,0.5358723724872672,e,0.5358723724872672
0.188498261485134,0.31728773186561277,0.14111269545650224,0.2822906647872396,0.07081064640551137,b,0.31728773186561277
0.05214942585191375,0.05415180314689994,0.05141545869283155,0.05360839619753281,0.788674916110822,b,0.05415180314689994
0.18871471177255675,0.3171356614609948,0.14101408747287353,0.2820895572318212,0.07104598206175367,d,0.2820895572318212
0.15177285473387628,0.2458374278982655,0.11670969442997067,0.22012618223136932,0.2655538407065182,b,0.2458374278982655
0.5355112474163037,0.11485004735392634,5.187528375739346E-4,8.259899916188479E-4,0.3482939624005772,e,0.3482939624005772
