option_a,option_b,option_c,option_d,option_e,actual,likelihood
0.25782176848724836,0.09674101549578304,0.09674439660277763,0.45149190850556165,0.09720091090862924,e,0.09720091090862924
0.29803565579096514,0.0932741888687452,0.09327731919574211,0.4217128627534877,0.0936999733910599,c,0.09327731919574211
0.6515528938214953,0.06279757852105954,0.06279850426008751,0.15992752660954787,0.06292349678780977,d,0.15992752660954787
0.7999995446889258,0.05000003925222508,0.050000039255064466,0.050000337165348074,0.050000039638436584,e,0.050000039638436584
0.7859414838283122,0.051211980275185795,0.051212067946258884,0.06041056272727627,0.0512239052229668,d,0.06041056272727627
0.7992928543277148,0.05006096280688704,0.05006096721675641,0.05052365301492299,0.050061562633718866,c,0.05006096721675641
0.771211827298475,0.052481819350406016,0.052481998877886876,0.07131811594145708,0.05250623853177506,e,0.05250623853177506
0.3444888125452813,0.08926947677688678,0.08927231741484032,0.38731353523094814,0.0896558580320435,e,0.0896558580320435
0.2735203908805233,0.09538764217701441,0.09539092538498081,0.43986682011350603,0.09583422144397528,b,0.09538764217701441
0.7929534625287252,0.05060747978799796,0.05060752373129142,0.05521807703309013,0.05061345691889539,d,0.05521807703309013
0.25783178092400927,0.09674015232674639,0.0967435333713019,0.4514844941312651,0.0972000392466774,d,0.4514844941312651
0.2578152470888198,0.09674157770349869,0.09674495885116173,0.45149673770848625,0.09720147864803363,b,0.09674157770349869
0.26987683500724563,0.09570175198746818,0.09570505791721041,0.4425649332362469,0.0961514218518289,a,0.26987683500724563
0.7999987010793845,0.05000011197953934,0.05000011198763961,0.050000961872105024,0.05000011308133133,c,0.05000011198763961
0.7999976238239688,0.05000020484939128,0.05000020486420949,0.05000175959747967,0.05000020686495073,a,0.7999976238239688
0.25781524915021725,0.09674157752578626,0.09674495867343644,0.45149673618198743,0.09720147846857265,b,0.09674157752578626
0.7998535903036306,0.05001262193405966,0.05001262284709308,0.05010841879109586,0.05001274612412087,b,0.05001262193405966
0.25787279266211216,0.0967366167176519,0.09673999750645187,0.4514541242638579,0.09719646884992614,a,0.25787279266211216
0.25782250213605423,0.09674095224814931,0.09674433335056877,0.45149136522653993,0.09720084703868774,c,0.09674433335056877
0.27477444497457126,0.09527953056641195,0.09528280595390377,0.4389381724063053,0.0957250460988077,c,0.09528280595390377
0.2578946772768657,0.09673473005186957,0.09673811070419373,0.4514379183462581,0.09719456362081287,d,0.4514379183462581
0.35985971042901305,0.08794435648542279,0.08794710126808865,0.37593113223486163,0.08831769958261376,e,0.08831769958261376
0.26503147419512685,0.09611946902522162,0.0961228051713805,0.4461530027063689,0.0965732489019022,e,0.0965732489019022
0.2578506043189816,0.09673852956776247,0.09674191049493236,0.45147055509732253,0.09719840052100115,d,0.45147055509732253
0.2578152772093357,0.09674157510681841,0.09674495625429361,0.45149671540374814,0.09720147602580405,b,0.09674157510681841
0.2578153516862637,0.0967415686861858,0.09674494983319656,0.4514966602523566,0.09720146954199738,b,0.0967415686861858
0.2591828402669223,0.09662367792402711,0.09662705054316838,0.4504840124398902,0.09708241882599175,e,0.09708241882599175
0.7999711843373942,0.05000248418924645,0.05000248436894536,0.050021338472668285,0.05000250863174576,b,0.05000248418924645
0.7978546103023402,0.05018495337376975,0.050184966752750484,0.05158869639933396,0.05018677317180548,e,0.05018677317180548
0.2598580638398689,0.09656546711132416,0.09656883551966716,0.44998399826519003,0.09702363526394957,b,0.09656546711132416
0.7372049206119046,0.055413544122840476,0.05541393572263148,0.09650079033593915,0.055466809206684446,d,0.09650079033593915
0.7699935815593435,0.052586843933948475,0.05258703105859749,0.07222024697218467,0.052612296475925864,b,0.052586843933948475
0.7999997250991682,0.050000023699114576,0.0500000237008289,0.05000020356859266,0.05000002393229552,a,0.7999997250991682
0.7992488754046997,0.05006475421606331,0.05006475890019202,0.05055622013161832,0.05006539134742671,c,0.05006475890019202
0.2578377695210507,0.09673963605167142,0.09674301705888112,0.4514800594765414,0.09719951789185531,b,0.09673963605167142
0.7999870788869154,0.050001113925111335,0.050001114005689386,0.05000956829701152,0.050001124885272204,d,0.05000956829701152
0.7999997699724611,0.05000001983060205,0.05000001983203654,0.05000017033918033,0.05000002002571983,d,0.05000017033918033
0.25781870063668494,0.0967412799742191,0.09674466110034527,0.4514941802994224,0.09720117798932837,d,0.4514941802994224
0.25781838674648017,0.0967413070345953,0.09674468816267894,0.45149441274028773,0.09720120531595774,d,0.45149441274028773
0.257820592152432,0.09674111690723906,0.09674449802156948,0.451492779600864,0.0972010133178955,b,0.09674111690723906
0.2578152487245283,0.09674157756248475,0.0967449587101376,0.45149673649721705,0.09720147850563221,b,0.09674157756248475
0.765522510511424,0.05297229356838042,0.05297250857531742,0.07553114870847273,0.053001538636405394,c,0.05297250857531742
0.35822523587398125,0.08808526402479604,0.0880880190002971,0.37714148755781984,0.08845999354310571,c,0.0880880190002971
0.25952782595480617,0.09659393681594501,0.09659730728370236,0.4502285448571194,0.09705238508842708,b,0.09659393681594501
0.6269672221560817,0.06491710157361925,0.06491818063268408,0.17813362133101376,0.06506387430660121,e,0.06506387430660121
0.6096057234963107,0.06641383093440932,0.06641501826245498,0.19099009698105884,0.06657533032576612,b,0.06641383093440932
0.7993620952993346,0.05005499356441415,0.05005499754248616,0.05047237893524479,0.05005553465852051,b,0.05005499356441415
0.7791967378908176,0.05179344270959586,0.051793572441943894,0.06540515815998889,0.05181108879765357,d,0.06540515815998889
0.7893688971923765,0.05091650404274245,0.050916570339937677,0.05787250669183532,0.050925521733108,d,0.05787250669183532
0.7999959431256827,0.050000349741864035,0.050000349767163325,0.05000300418223667,0.05000035318305326,c,0.050000349767163325
0.593932655902984,0.0677650011818797,0.06776628624958989,0.2025962616229408,0.06793979504260553,b,0.0677650011818797
0.7900951856845342,0.05085389093935093,0.050853952707299206,0.05733467810357131,0.05086229256524444,a,0.7900951856845342
0.7999884133302958,0.05000099888316555,0.05000099895542181,0.050008580119714076,0.05000100871140272,c,0.05000099895542181
