option_a,option_b,option_c,option_d,option_e,actual,likelihood
0.3513311926119596,0.13512749171105384,0.24303046224896122,0.21645687866667185,0.054053974761353644,c,0.24303046224896122
0.30487563859614075,0.23762939486525167,0.21327138889191646,0.19079459508037822,0.053428982566312774,,-1
0.2926379980935656,0.2646311488687389,0.20543204978276994,0.18403446041709856,0.05326434283782691,c,0.20543204978276994
0.35120694967287086,0.13540162766701977,0.24295087317039432,0.21638824623715863,0.05405230325255638,c,0.24295087317039432
0.3123571921906039,0.22112171352920604,0.21806401502584388,0.19492744322038297,0.05352963603396334,c,0.21806401502584388
0.050000874707802546,0.799998070000103,0.050000560331142606,0.05000048319302525,0.050000011767926594,d,0.05000048319302525
0.3468973442384266,0.1449105608448223,0.24019017281969188,0.21400759834377472,0.05399432375328453,c,0.24019017281969188
0.3390959068695769,0.16212405005158256,0.2351926315812227,0.2096980447848621,0.053889366712755626,b,0.16212405005158256
0.05310578732858283,0.7931472324737849,0.05198954365954186,0.05171565266787412,0.05004178387021625,b,0.7931472324737849
0.2699139447954847,0.31477065876754623,0.19087519466838013,0.17148157815533863,0.05295862361325029,c,0.19087519466838013
0.35119283639443155,0.13543276792420617,0.24294183231193756,0.2163804499905888,0.05405211337883605,a,0.35119283639443155
0.1826103773992779,0.5074017014888277,0.13494919568899572,0.12325464486220292,0.05178408056069571,c,0.13494919568899572
0.34944148785270873,0.13929703264811344,0.24181993180227765,0.2154129961761143,0.05402855152078566,a,0.34944148785270873
0.34836934079683685,0.1416626725810832,0.24113312258083627,0.2148207367062428,0.054014127335000946,c,0.24113312258083627
0.06724599901783619,0.7619475483917015,0.06104765535058625,0.05952677730146004,0.050232019938415966,b,0.7619475483917015
0.35003304731657947,0.13799178568334844,0.24219888028009343,0.21573977662339594,0.054036510096582564,c,0.24219888028009343
0.3180028210382016,0.20866491016864427,0.2216805617785766,0.19804611722135776,0.05360558979321986,c,0.2216805617785766
0.3513317531423828,0.13512625492814637,0.2430308213204724,0.21645718830651975,0.054053982302478654,b,0.13512625492814637
0.3357162508697109,0.16958109537870997,0.23302764974100307,0.2078311056743491,0.05384389833622696,d,0.2078311056743491
0.3269891162971471,0.18883709009714514,0.2274371139386899,0.20301019228645542,0.053726487380562404,d,0.20301019228645542
0.3513052691961497,0.13518469045753448,0.24301385590663907,0.21644255844033652,0.0540536259993403,e,0.0540536259993403
0.35128917842164903,0.135220193962863,0.24300354827929757,0.21643366981491582,0.05405340952127459,a,0.35128917842164903
0.35116722247669707,0.13548928377835173,0.24292542423172048,0.21636630073255964,0.05405176878067104,a,0.35116722247669707
0.35056571816085336,0.13681647357159904,0.24254010515762922,0.2160340266986238,0.05404367641129454,c,0.24254010515762922
0.35105874314247015,0.13572863811276298,0.2428559331981213,0.21630637619829976,0.05405030934834585,d,0.21630637619829976
0.3513118026233639,0.1351702747705888,0.24301804117024986,0.21644616753865667,0.05405371389714072,b,0.1351702747705888
0.35130284832217823,0.13519003199730567,0.2430123051132489,0.2164412211372799,0.0540535934299873,a,0.35130284832217823
0.31734734803147235,0.21011117923333086,0.22126067077298922,0.1976840306089342,0.053596771353273454,d,0.1976840306089342
0.3501586215990387,0.13771471218348436,0.2422793222070628,0.21580914449373748,0.05403819951667661,c,0.2422793222070628
0.3511747623485998,0.13547264742052656,0.2429302542161176,0.21637046579602887,0.05405187021872706,e,0.05405187021872706
0.3177709081315356,0.2091766146311762,0.22153200014050917,0.19791800735582565,0.05360246974095343,c,0.22153200014050917
0.05024088822299562,0.799468491941866,0.05015431115720918,0.05013306787578094,0.05000324080214818,d,0.05013306787578094
0.28148482458712276,0.2892400795948712,0.1982874119547707,0.1778733908211572,0.05311429304207827,b,0.2892400795948712
0.050071617199096564,0.7998419801601446,0.050045877431163885,0.050039561703908345,0.050000963505686544,d,0.050039561703908345
0.35072912251455773,0.13645592987358018,0.24264478073952184,0.21612429209213455,0.05404587478020574,a,0.35072912251455773
0.05000716239970299,0.7999841965160838,0.05000458817858681,0.05000395654591212,0.05000009635971429,d,0.05000395654591212
0.0500572047364814,0.7998737805525518,0.050036644917607495,0.05003160018648287,0.05000076960687646,c,0.050036644917607495
0.3512830866346719,0.13523363519227016,0.24299964592705212,0.21643030468090185,0.054053327565103886,b,0.13523363519227016
0.35133170460413876,0.135126362025403,0.24303079022724364,0.21645716149374764,0.05405398164946688,d,0.21645716149374764
0.35133047716150895,0.13512907031740878,0.2430300039368628,0.2164564834482153,0.05405396513600406,d,0.2164564834482153
0.3498665801875939,0.13835908724491913,0.24209224270773058,0.2156478193372904,0.05403427052246595,c,0.24209224270773058
0.08512316446519774,0.7225024589900542,0.0724996310989091,0.06940221413885227,0.05047253130698668,a,0.08512316446519774
0.351327903736991,0.1351347484524843,0.24302835542075685,0.21645506187546332,0.05405393051430441,c,0.24302835542075685
0.3513064118392229,0.13518216927159432,0.2430145878750712,0.2164431896421638,0.05405364137194788,d,0.2164431896421638
0.34738977089284073,0.14382404556563494,0.24050561757634428,0.21427961732447018,0.05400094864070992,b,0.14382404556563494
0.30336192904796716,0.24096932079655478,0.2123017181078802,0.18995841425086352,0.05340861779673442,b,0.24096932079655478
0.3510224579317011,0.1358086996519904,0.2428326891690288,0.21628633206389067,0.054049821183388906,a,0.3510224579317011
0.053273474670285016,0.7927772385726577,0.05209696289085839,0.05180828400567127,0.05004403986052767,d,0.05180828400567127
0.35129527053317383,0.13520675201735732,0.2430074508394458,0.21643703512821152,0.0540534914818116,d,0.21643703512821152
0.16213549624530496,0.5525785232833458,0.12183314308459942,0.11194421669703684,0.05150862068971314,b,0.5525785232833458
0.3512363564352832,0.1353367430869794,0.2429697109179653,0.21640449068181902,0.054052698877953144,a,0.3512363564352832
0.2913470758623044,0.26747950550405725,0.20460509485365078,0.1833213484310657,0.05324697534892196,d,0.1833213484310657
0.33376673976724314,0.17388259608097564,0.2317788078072925,0.2067541858565568,0.05381767048793194,a,0.33376673976724314
