option_a,option_b,option_c,option_d,option_e,actual,likelihood
0.03224351452932941,0.3545214789298173,0.03224851731030139,0.1612407613260695,0.4197457279044825,a,0.03224351452932941
0.032705292572958684,0.3466020439146181,0.03271016525079659,0.15834781602888034,0.4296346822327463,a,0.032705292572958684
0.044239915031536244,0.1487847283323769,0.044241537900179075,0.08608575797576219,0.6766480607601455,b,0.1487847283323769
0.04999995505483334,0.050000770803920916,0.04999995506749636,0.05000028157230583,0.7999990375014435,c,0.04999995506749636
0.045178491145830446,0.13268826673893988,0.04517984957640454,0.080205769974251,0.6967476225645741,a,0.045178491145830446
0.0499306932370612,0.05118860221437536,0.049930712763816956,0.050434192739722765,0.7985157990450238,a,0.0499306932370612
0.047432434660983964,0.09403342066635734,0.04743315805678453,0.06608527338015976,0.7450157132357144,a,0.047432434660983964
0.03329782241593368,0.33644023208587315,0.033302528152119266,0.15463573736613892,0.442323679979935,c,0.033302528152119266
0.03241824744581765,0.3515248315226144,0.032423200996861155,0.160146095228379,0.4234876248063278,a,0.03241824744581765
0.04723567407131953,0.09740783988116683,0.04723645290321051,0.06731793835935238,0.7408020947849507,a,0.04723567407131953
0.03224348229128765,0.35452203180815406,0.0322484850813425,0.1612409632908285,0.4197450375283874,c,0.0322484850813425
0.032243444545948026,0.35452267913595237,0.03224844734663739,0.16124119975768586,0.41974422921377635,b,0.35452267913595237
0.03301677960070985,0.3412600808040173,0.03302156451898644,0.15639641330521253,0.4363051617710738,c,0.03302156451898644
0.04999998839141971,0.05000019908568298,0.04999998839469036,0.05000007272538877,0.7999997514028182,b,0.05000019908568298
0.04999999646298887,0.05000006065929315,0.0499999964639854,0.050000022158653554,0.7999999242550789,b,0.05000006065929315
0.03224344479335048,0.3545226748930315,0.03224844759397015,0.16124119820775984,0.419744234511888,b,0.3545226748930315
0.04998562133714062,0.05024659224857328,0.04998562538824077,0.05009007939132833,0.7996920816347171,a,0.04998562133714062
0.03226228683325171,0.35419953629298284,0.032267284325242104,0.16112315666924645,0.420147735879277,d,0.16112315666924645
0.0322435228719753,0.3545213358544958,0.0322485256505968,0.1612407090610938,0.41974590656183824,a,0.0322435228719753
0.03243252527429094,0.3512799685710031,0.032437474802643765,0.16005664754392168,0.4237933838081406,c,0.032437474802643765
0.03224362941320357,0.3545195086859128,0.032248632161807726,0.16124004160202016,0.41974818813705583,a,0.03224362941320357
0.04037902514224078,0.21499850137972032,0.0403817357929509,0.11027344598366003,0.593967291701428,b,0.21499850137972032
0.03307607849103456,0.3402431123385852,0.03308084670221217,0.15602491784703718,0.43757504462113095,b,0.3402431123385852
0.03224352631387692,0.35452127682631884,0.03224852909152868,0.16124068749828196,0.4197459802699937,a,0.03224352631387692
0.032243448160917385,0.3545226171396853,0.03224845096058826,0.16124117711063976,0.4197443066281693,b,0.3545226171396853
0.03224345709939889,0.3545224638458586,0.032248459896551396,0.16124112111287556,0.41974449804531566,b,0.3545224638458586
0.03225832596650901,0.3542674646564151,0.03226332457444934,0.1611479706918579,0.4200629141107686,a,0.03225832596650901
0.049997168832065605,0.05004855417182123,0.04999716962972982,0.05001773668989765,0.7999393706764858,a,0.049997168832065605
0.04978986385947962,0.053603808219456726,0.049789923064049536,0.05131646007833131,0.7954999447786827,a,0.04978986385947962
0.032354672023976634,0.3526151419624022,0.03235964348700566,0.1605443822846155,0.42212616024199995,d,0.1605443822846155
0.03850851493816805,0.24707751468662728,0.03851175259366593,0.12199181105725103,0.5539104067242877,a,0.03850851493816805
0.047345406114769374,0.09552594922141146,0.04734615403032953,0.06663048947903265,0.743152001154457,a,0.047345406114769374
0.04999999550080532,0.050000077160619535,0.04999999550207294,0.05000002818653742,0.7999999036499648,a,0.04999999550080532
0.04999328036909484,0.05011524081972656,0.049993282262309674,0.05004209711763938,0.7998560994312296,b,0.05011524081972656
0.03224368953047825,0.3545184776822591,0.03224869226214474,0.16123966497955075,0.41974947554556724,a,0.03224368953047825
0.04999407634149857,0.05010158999372434,0.04999407801045306,0.050037110512810866,0.7998731451415133,a,0.04999407634149857
0.049999894528602325,0.05000180882112396,0.049999894558318235,0.05000066075680323,0.7999977413351523,c,0.049999894558318235
0.0322434516916979,0.3545225565872461,0.032248454490374,0.16124115499101963,0.4197443822396624,a,0.0322434516916979
0.03224352453851304,0.35452130727358455,0.032248527316665,0.1612406986205747,0.41974594225066286,b,0.35452130727358455
0.03224350202618579,0.3545216933571482,0.032248504810680464,0.16124083965571515,0.4197454601502705,a,0.03224350202618579
0.03224344370016004,0.3545226936411094,0.0322484465010877,0.16124120505637513,0.41974421110126775,c,0.0322484465010877
0.04699441047584214,0.10154548001429216,0.04699525728227271,0.06882940559680212,0.735635446630791,a,0.04699441047584214
0.04031230445222356,0.2161427527707303,0.04031503390107923,0.11069143750377118,0.5925384713721957,b,0.2161427527707303
0.032262176617055785,0.35420142648679626,0.03226717414009891,0.1611238471512433,0.42014537560480575,a,0.032262176617055785
0.047977895376667724,0.0846788384145655,0.04797846509225416,0.0626680732035624,0.7566967279129502,b,0.0846788384145655
0.03901085281553342,0.23846248365526448,0.039013948940412616,0.11884476667094229,0.5646679479178471,a,0.03901085281553342
0.049937465730587445,0.0510724548073864,0.04993748334923465,0.0503917644485398,0.7986608316642517,a,0.049937465730587445
0.04914134410975629,0.06472583986401557,0.04914158603079164,0.055379304091769534,0.781611925903667,b,0.06472583986401557
0.04905831974369752,0.0661496972360833,0.04905858505633924,0.05589943481832842,0.7798339631455515,d,0.05589943481832842
0.049999601419504026,0.05000683560507001,0.049999601531801635,0.05000249702554573,0.7999914644180787,c,0.049999601531801635
0.03849694534817737,0.24727593169096027,0.03850018626333634,0.12206429217976368,0.5536626445177623,a,0.03849694534817737
0.04983642180808861,0.052805345292220196,0.04983646789524179,0.05102478402241374,0.7964969809820357,c,0.04983646789524179
0.049998861485860295,0.050019525373429186,0.04999886180662968,0.05000713255896783,0.799975618775113,a,0.049998861485860295
