option_a,option_b,option_c,option_d,option_e,actual,likelihood
0.2180743335886563,0.10576558049279773,0.1113629299982272,0.3236006560641375,0.24119649985618138,a,0.2180743335886563
0.215385626413204,0.10487349118199789,0.11038129915269429,0.33122167890011667,0.23813790435198728,b,0.10487349118199789
0.20121901300909803,0.1001731338863356,0.10520915366166629,0.37137632468932097,0.22202237475357914,a,0.20121901300909803
0.22278888958987642,0.10732982856423309,0.11308418608592714,0.31023745337890757,0.24655964238105574,c,0.11308418608592714
0.2208111064285794,0.10667361756685065,0.1123621093292502,0.3158433932054801,0.24430977346983968,b,0.10667361756685065
0.05254041539897537,0.050842887408159655,0.05092749040835266,0.7927993037154715,0.05288990306904074,d,0.7927993037154715
0.22079506006954897,0.10666829352654643,0.11235625089991784,0.3158888759079931,0.2442915195959938,a,0.22079506006954897
0.20707832782499735,0.1021172028290592,0.10734835431895136,0.35476835323640615,0.22868776179058603,,-1
0.2218716743554154,0.10702550464460518,0.11274931631120427,0.3128372598253494,0.24551624486342585,d,0.3128372598253494
0.2123286622193638,0.10385921744266295,0.10926521988093114,0.33988651014047183,0.23466039031657027,e,0.23466039031657027
0.22233686137187905,0.10717984959101619,0.11291915329771998,0.3115187075829044,0.2460454281564803,d,0.3115187075829044
0.22164714174966502,0.10695100670769903,0.112667340805041,0.31347368767121836,0.24526082306637662,e,0.24526082306637662
0.21807584195414148,0.10576608095515318,0.11136348069340891,0.32359638066817287,0.24119821572912356,c,0.11136348069340891
0.13569073588528635,0.0784314298766943,0.08128517314543907,0.5571133588008649,0.14747930229171533,a,0.13569073588528635
0.0902409048226195,0.0633515770616166,0.0646917127259839,0.6859389161476629,0.09577688924211719,b,0.0633515770616166
0.2180777896756169,0.1057667271919485,0.11136419179482458,0.3235908599368794,0.2412004314007305,e,0.2412004314007305
0.21118713917537918,0.10348047017153286,0.10884845667179759,0.34312210725771464,0.23336182672357583,a,0.21118713917537918
0.22269322442137998,0.10729808770564848,0.11304925930732646,0.3105086121128803,0.24645081645276481,e,0.24645081645276481
0.22144941798427187,0.10688540370741369,0.11259515304551965,0.31403412703219985,0.24503589823059493,e,0.24503589823059493
0.21904204071564182,0.10608665717673353,0.11171623405973444,0.3208577325577665,0.24229733549012378,c,0.11171623405973444
0.22288951993737713,0.10736321682538966,0.11312092562156913,0.30995222106231435,0.24667411655334986,a,0.22288951993737713
0.22238860589819753,0.10719701796816136,0.11293804491358113,0.3113720399872992,0.24610429123276073,b,0.10719701796816136
0.22270485625366013,0.10730194704493871,0.1130535060194491,0.31047564219326973,0.24646404848868236,d,0.31047564219326973
0.22233662493907427,0.10717977114469829,0.11291906697752263,0.31151937774134364,0.24604515919736114,e,0.24604515919736114
0.21064838493422716,0.10330171626926053,0.10865176073327928,0.3446491825793733,0.23274895548385974,d,0.3446491825793733
0.22233658287011518,0.10717975718658895,0.11291905161839827,0.3115194969839674,0.2460451113409302,c,0.11291905161839827
0.2214267753774748,0.10687789109031776,0.11258688636573459,0.3140983065103678,0.24501014065610516,a,0.2214267753774748
0.2102637053686305,0.1031740829845038,0.10851131653367159,0.34573953997519247,0.23231135513800158,b,0.1031740829845038
0.22258770296144462,0.10726307661655415,0.11301073405590302,0.3108077080736436,0.24633077829245453,a,0.22258770296144462
0.22252575257151713,0.10724252202393851,0.1129881163405189,0.3109833037430589,0.24626030532096657,c,0.1129881163405189
0.2146748150401533,0.10463765024190487,0.11012178618842929,0.33323644263324104,0.23732930589627144,e,0.23732930589627144
0.09845745725315837,0.06607775664034933,0.06769152668244363,0.6626494578243991,0.1051238015996496,e,0.1051238015996496
0.09020201085913744,0.06333867238780394,0.06467751277345368,0.6860491593852251,0.09573264459437993,b,0.06333867238780394
0.09285185036831717,0.06421786574997314,0.06564495326740967,0.6785383052485184,0.09874702536578156,e,0.09874702536578156
0.210647957443331,0.10330157443155412,0.10865160465891993,0.3446503942836124,0.23274846918258268,e,0.23274846918258268
0.056135173941811924,0.052035596566021546,0.05223991516777171,0.7826101179257695,0.05697919639862527,e,0.05697919639862527
0.05008246892122536,0.05002736246020765,0.05003010890795834,0.7997662454514738,0.050093814259134846,a,0.05008246892122536
0.2214267301348786,0.10687787607922365,0.11258686984793438,0.31409843474852683,0.2450100891894365,e,0.2450100891894365
0.1819617190558627,0.09378373371384494,0.09817843126892006,0.42596028173629136,0.20011583422508103,e,0.20011583422508103
0.22124865473588845,0.1068187922334981,0.11252185558900901,0.31460318167471524,0.24480751576688922,c,0.11252185558900901
0.2226988355811002,0.10729994943892061,0.11305130790804832,0.3104927075261873,0.24645719954574355,d,0.3104927075261873
0.05814580341738205,0.05270270568058456,0.05297398391656554,0.7769110766586836,0.0592664303267842,a,0.05814580341738205
0.22239168510067625,0.10719803962036734,0.11293916911191715,0.3113633121226135,0.24610779404442573,d,0.3113633121226135
0.22233695850546925,0.10717988181908411,0.11291918876061054,0.3115184322619933,0.24604553865284265,e,0.24604553865284265
0.21803383298121257,0.10575214274869851,0.11134814346963359,0.32371545326370516,0.24115042753675017,d,0.32371545326370516
0.16551814166479573,0.0883278998633576,0.0921749798981834,0.47256888231081456,0.18141009626284868,d,0.47256888231081456
0.2220913327600047,0.10709838536458485,0.11282951227579051,0.31221464768938545,0.24576612191023453,a,0.2220913327600047
0.06832287228214501,0.05607936730904982,0.05668957065132523,0.7480646202911757,0.07084356946630435,e,0.07084356946630435
0.2227671498316933,0.10732261550433891,0.11307624903074993,0.310299073772186,0.2465349118610318,d,0.310299073772186
0.0896611654324107,0.06315922464861429,0.0644800533556385,0.6875821620808888,0.0951173944824476,d,0.6875821620808888
0.22257457815795878,0.10725872192259454,0.11300594226895765,0.3108449097548073,0.24631584789568178,d,0.3108449097548073
0.2114417170226102,0.10356493685438874,0.10894140151522007,0.34240051748959277,0.2336514271181882,b,0.10356493685438874
0.1877450481613818,0.09570259126849974,0.10028988999959822,0.40956768845445507,0.20669478211606504,e,0.20669478211606504
